cases: 174253
analyses: 1942
numdif	528.859999999987	5776.0000001	0.0915616343474431
ELA	84.86	432	0.196435185185185
ILL	73.8	436	0.169266055045872
ADE	66.06	384	0.17203125
GEN	281.32	1478	0.190338294993234
ALL	73.7199999999999	380	0.194
ESS	23.78	110	0.216181818181818
TRA	2.8	16	0.175
NOM	343.319999999999	2256	0.152180851063829
ABL	22.42	116	0.193275862068965
INS	11.12	48	0.231666666666667
PAR	171.1	878	0.194874715261959
INE	62.72	362	0.173259668508287
ILLABL	13.6999999999999	486	0.0281893004115225
INEALL	24.24	628	0.0385987261146497
ESSILL	18.18	424	0.0428773584905659
INEGEN	66.4000000000004	2042	0.0325171400587661
ELAPAR	73.5000000000005	2114	0.03476821192053
ADEABL	29.64	660	0.0449090909090909
ELAESS	18.7	432	0.043287037037037
GENINE	66.4000000000004	2042	0.0325171400587661
ALLNOM	118.580000000002	3320	0.03571686746988
NOMABL	50.9400000000002	1524	0.0334251968503938
PARINE	53.6600000000003	1480	0.0362567567567569
NOMESS	49.2799999999999	1136	0.0433802816901408
ALLGEN	84.4200000000006	2506	0.0336871508379891
ALLESS	14.9599999999999	356	0.0420224719101122
ALLILL	43.6600000000001	942	0.0463481953290872
ALLTRA	6.77999999999999	136	0.0498529411764705
INSINE	4.29999999999999	154	0.0279220779220779
INEILL	74.5000000000002	1274	0.0584772370486658
INSABL	2.6	96	0.0270833333333333
ILLTRA	6.33999999999998	192	0.0330208333333333
GENINS	21.52	364	0.0591208791208791
ABLTRA	2.18	66	0.033030303030303
ALLABE	0.28	10	0.028
PARGEN	194.960000000001	4358	0.0447361174850852
ESSNOM	49.2799999999999	1136	0.0433802816901408
ADEINS	4.23999999999999	180	0.0235555555555555
NOMADE	101.600000000002	3372	0.0301304863582448
NOMTRA	15.8399999999999	428	0.0370093457943923
INENOM	84.0800000000007	2502	0.0336051159072744
INEABE	0.24	14	0.0171428571428571
ADEGEN	69.3000000000006	2662	0.0260330578512399
INSILL	3.48	152	0.0228947368421052
ABENOM	2.98	42	0.070952380952381
TRAABL	2.18	66	0.033030303030303
ADETRA	5.07999999999999	170	0.0298823529411764
ABLILL	13.6999999999999	486	0.0281893004115225
TRAILL	6.33999999999998	192	0.0330208333333333
INEELA	55.9400000000001	1306	0.042833078101072
GENELA	87.820000000001	2670	0.0328913857677906
ADEPAR	58.4400000000003	2084	0.0280422264875241
ESSPAR	19.1999999999999	754	0.0254641909814323
TRAABE	0.08	4	0.02
NOMILL	121.080000000001	3152	0.0384137055837568
ABEALL	0.28	10	0.028
ILLABE	0.06	8	0.0075
NOMALL	118.580000000002	3320	0.03571686746988
INEABL	11.52	396	0.029090909090909
ELAINS	3.77999999999999	200	0.0189
PARABE	1.24	14	0.0885714285714286
INSPAR	7.07999999999998	248	0.0285483870967741
ABLINS	2.6	96	0.0270833333333333
GENTRA	12.66	344	0.0368023255813952
ALLELA	36.7000000000001	1116	0.0328853046594983
ABEPAR	1.24	14	0.0885714285714286
ABEINE	0.24	14	0.0171428571428571
GENALL	84.4200000000006	2506	0.0336871508379891
TRAINS	0.26	14	0.0185714285714286
GENABE	1.66	26	0.0638461538461539
INSGEN	21.52	364	0.0591208791208791
ESSABL	17.74	202	0.0878217821782177
ELATRA	5.73999999999999	188	0.030531914893617
INSNOM	24.34	558	0.0436200716845878
ESSINS	1.6	28	0.0571428571428571
INETRA	5.79999999999999	104	0.0557692307692307
ABLELA	20.1	558	0.036021505376344
ILLNOM	121.080000000001	3152	0.0384137055837568
ALLABL	37.0800000000001	652	0.0568711656441719
ELAABL	20.1	558	0.036021505376344
INSESS	1.6	28	0.0571428571428571
ADEABE	0.28	14	0.02
ABEGEN	1.66	26	0.0638461538461539
ILLINE	74.5000000000002	1274	0.0584772370486658
INSALL	4.45999999999999	166	0.026867469879518
INSELA	3.77999999999999	200	0.0189
PARILL	112.600000000001	2026	0.0555774925962491
NOMELA	127.080000000001	3350	0.0379343283582094
ALLPAR	63.4800000000004	1990	0.0318994974874374
INEPAR	53.6600000000003	1480	0.0362567567567569
ADENOM	101.600000000002	3372	0.0301304863582448
ILLGEN	88.8800000000009	2570	0.034583657587549
ELAILL	66.2800000000003	1610	0.0411677018633542
ABETRA	0.08	4	0.02
ILLALL	43.6600000000001	942	0.0463481953290872
TRAINE	5.79999999999999	104	0.0557692307692307
ESSALL	14.9599999999999	356	0.0420224719101122
ABLADE	29.64	660	0.0449090909090909
ABEABL	0.14	8	0.0175
ELAABE	0.06	8	0.0075
ESSADE	7.33999999999998	334	0.0219760479041915
ESSGEN	31.9600000000001	772	0.0413989637305701
TRAPAR	8.97999999999997	302	0.0297350993377482
INEESS	4.1	98	0.0418367346938775
GENILL	88.8800000000009	2570	0.034583657587549
GENNOM	710.519999999976	6930	0.102528138528135
ELAGEN	87.820000000001	2670	0.0328913857677906
ELAINE	55.9400000000001	1306	0.042833078101072
ILLELA	66.2800000000003	1610	0.0411677018633542
ALLADE	56.4000000000002	1370	0.0411678832116789
ILLPAR	112.600000000001	2026	0.0555774925962491
ESSABE	0.18	4	0.045
PARTRA	8.97999999999997	302	0.0297350993377482
ADEESS	7.33999999999998	334	0.0219760479041915
ABEELA	0.06	8	0.0075
INSTRA	0.26	14	0.0185714285714286
ABLABE	0.14	8	0.0175
PARALL	63.4800000000004	1990	0.0318994974874374
PARINS	7.07999999999998	248	0.0285483870967741
ABLESS	17.74	202	0.0878217821782177
NOMPAR	317.419999999993	5598	0.0567023937120388
INEINS	4.29999999999999	154	0.0279220779220779
ESSTRA	8.09999999999999	146	0.0554794520547944
GENABL	37.5800000000002	1106	0.033978300180832
PARADE	58.4400000000003	2084	0.0280422264875241
PARELA	73.5000000000005	2114	0.03476821192053
NOMGEN	710.519999999976	6930	0.102528138528135
INSADE	4.23999999999999	180	0.0235555555555555
ABEILL	0.06	8	0.0075
NOMABE	2.98	42	0.070952380952381
ILLADE	33.5200000000001	1174	0.0285519591141398
ABLPAR	23.78	866	0.027459584295612
TRAELA	5.73999999999999	188	0.030531914893617
ABEADE	0.28	14	0.02
ELAADE	35.4400000000001	1314	0.0269710806697109
TRAALL	6.77999999999999	136	0.0498529411764705
GENESS	31.9600000000001	772	0.0413989637305701
PARNOM	317.419999999993	5598	0.0567023937120388
GENADE	69.3000000000006	2662	0.0260330578512399
ELANOM	127.080000000001	3350	0.0379343283582094
NOMINS	24.34	558	0.0436200716845878
GENPAR	194.960000000001	4358	0.0447361174850852
ELAALL	36.7000000000001	1116	0.0328853046594983
ABLGEN	37.5800000000002	1106	0.033978300180832
ADEELA	35.4400000000001	1314	0.0269710806697109
ILLINS	3.48	152	0.0228947368421052
ADEALL	56.4000000000002	1370	0.0411678832116789
TRAADE	5.07999999999999	170	0.0298823529411764
TRANOM	15.8399999999999	428	0.0370093457943923
ILLESS	18.18	424	0.0428773584905659
PARESS	19.1999999999999	754	0.0254641909814323
PARABL	23.78	866	0.027459584295612
ABLINE	11.52	396	0.029090909090909
ALLINS	4.45999999999999	166	0.026867469879518
ABEESS	0.18	4	0.045
ESSINE	4.1	98	0.0418367346938775
ABLALL	37.0800000000001	652	0.0568711656441719
ESSELA	18.7	432	0.043287037037037
ABLNOM	50.9400000000002	1524	0.0334251968503938
TRAGEN	12.66	344	0.0368023255813952
ADEINE	36.66	990	0.0370303030303031
INEADE	36.66	990	0.0370303030303031
NOMINE	84.0800000000007	2502	0.0336051159072744
TRAESS	8.09999999999999	146	0.0554794520547944
ADEILL	33.5200000000001	1174	0.0285519591141398
ALLINE	24.24	628	0.0385987261146497
